Tradeoffs, N = 6, K = 6, Demands = X012345,X012453,X021345,X013524, Common Informations = {W0,Z0,and,X0,1,2,3,4,5,Z1,}{W0,Z1,and,X0,1,2,3,4,5,Z2,}
[0.0, 0.09375, 0.1875, 0.28125, 0.375, 0.46875, 0.5625, 0.65625, 0.75, 0.84375, 0.9375, 1.03125, 1.125, 1.21875, 1.3125, 1.40625, 1.5, 1.59375, 1.6875, 1.78125, 1.875, 1.96875, 2.0, 2.0625, 2.15625, 2.25, 2.34375, 2.4375, 2.53125, 2.625, 2.71875, 2.8125, 2.90625, 3.0, 3.09375, 3.1875, 3.28125, 3.375, 3.46875, 3.5625, 3.65625, 3.75, 3.84375, 3.9375, 4.03125, 4.125, 4.21875, 4.3125, 4.40625, 4.5, 4.6875, 4.78125, 4.875, 5.25, 6.0]
[6.0, 5.4375, 4.89583, 4.43125, 4.03875, 3.70313, 3.40333, 3.13677, 2.89552, 2.67779, 2.49754, 2.33947, 2.20298, 2.07435, 1.95134, 1.83687, 1.73071, 1.62977, 1.53684, 1.45017, 1.36878, 1.29711, 1.2749433333333333, 1.23061, 1.16739, 1.10709, 1.05177, 1.00022, 0.950892, 0.9037, 0.85795, 0.813164, 0.771991, 0.732366, 0.693326, 0.654823, 0.617727, 0.582241, 0.548926, 0.517211, 0.486029, 0.456145, 0.426863, 0.400695, 0.374753, 0.349734, 0.326265, 0.302827, 0.280093, 0.26, 0.2225, 0.20375, 0.1875, 0.125, 0.0]
Tradeoffs, N = 6, K = 6, Demands = X001234,X010245,X045201, Common Informations = {W0,W1,and,W2,X0,0,1,2,3,4,}
[0.0, 0.09375, 0.1875, 0.28125, 0.375, 0.46875, 0.5625, 0.65625, 0.75, 0.84375, 0.9375, 1.03125, 1.125, 1.21875, 1.3125, 1.40625, 1.5, 1.59375, 1.6875, 1.78125, 1.875, 1.96875, 2.0, 2.0625, 2.15625, 2.25, 2.34375, 2.4375, 2.53125, 2.625, 2.71875, 2.8125, 2.90625, 3.0, 3.09375, 3.1875, 3.28125, 3.375, 3.46875, 3.5625, 3.65625, 3.75, 3.84375, 3.9375, 4.03125, 4.125, 4.21875, 4.3125, 4.40625, 4.5, 4.6875, 4.78125, 4.875, 5.25, 6.0]
[6.0, 4.72708, 4.45417, 4.18125, 3.90833, 3.63542, 3.36806, 3.13774, 2.91294, 2.69856, 2.54108, 2.40204, 2.26883, 2.14385, 2.02637, 1.9181, 1.81883, 1.72209, 1.62705, 1.53322, 1.43998, 1.35158, 1.3260366666666668, 1.27495, 1.20366, 1.13556, 1.07754, 1.02333, 0.969461, 0.919625, 0.872111, 0.826532, 0.78318, 0.74129, 0.7006, 0.661075, 0.622549, 0.586198, 0.551131, 0.516452, 0.481773, 0.447159, 0.41475, 0.385625, 0.3621875, 0.33875, 0.31625, 0.2975, 0.27875, 0.26, 0.2225, 0.20375, 0.1875, 0.125, 0.0]
Tradeoffs, N = 6, K = 6, Demands = X001234,X012353,X005312, Common Informations = {W0,W1,and,W2,X0,0,1,2,3,4,}
[0.0, 0.09375, 0.1875, 0.28125, 0.375, 0.46875, 0.5625, 0.65625, 0.75, 0.84375, 0.9375, 1.03125, 1.125, 1.21875, 1.3125, 1.40625, 1.5, 1.59375, 1.6875, 1.78125, 1.875, 1.96875, 2.0, 2.0625, 2.15625, 2.25, 2.34375, 2.4375, 2.53125, 2.625, 2.71875, 2.8125, 2.90625, 3.0, 3.09375, 3.1875, 3.28125, 3.375, 3.46875, 3.5625, 3.65625, 3.75, 3.84375, 3.9375, 4.03125, 4.125, 4.21875, 4.3125, 4.40625, 4.5, 4.6875, 4.78125, 4.875, 5.25, 6.0]
[6.0, 4.72708, 4.45417, 4.18125, 3.90833, 3.63542, 3.36806, 3.13774, 2.91294, 2.69849, 2.54469, 2.41036, 2.27829, 2.15, 2.0293, 1.91718, 1.81228, 1.71234, 1.61578, 1.52189, 1.43229, 1.35235, 1.3278233333333334, 1.27877, 1.20978, 1.14683, 1.08562, 1.02937, 0.974639, 0.92117, 0.871825, 0.82522, 0.781239, 0.740241, 0.700299, 0.661534, 0.62395, 0.586904, 0.551248, 0.516448, 0.481779, 0.447159, 0.41475, 0.385625, 0.3621875, 0.33875, 0.31625, 0.2975, 0.27875, 0.26, 0.2225, 0.20375, 0.1875, 0.125, 0.0]
Tradeoffs, N = 6, K = 6, Demands = X001234,X001345,X004523, Common Informations = {W0,W1,and,W2,X0,0,1,3,4,5,}
[0.0, 0.09375, 0.1875, 0.28125, 0.375, 0.46875, 0.5625, 0.65625, 0.75, 0.84375, 0.9375, 1.03125, 1.125, 1.21875, 1.3125, 1.40625, 1.5, 1.59375, 1.6875, 1.78125, 1.875, 1.96875, 2.0, 2.0625, 2.15625, 2.25, 2.34375, 2.4375, 2.53125, 2.625, 2.71875, 2.8125, 2.90625, 3.0, 3.09375, 3.1875, 3.28125, 3.375, 3.46875, 3.5625, 3.65625, 3.75, 3.84375, 3.9375, 4.03125, 4.125, 4.21875, 4.3125, 4.40625, 4.5, 4.6875, 4.78125, 4.875, 5.25, 6.0]
[6.0, 4.72564, 4.45127, 4.176905, 3.90254, 3.62818, 3.36117, 3.11871, 2.89392, 2.69689, 2.53463, 2.3908, 2.26104, 2.13927, 2.02247, 1.91566, 1.81178, 1.71569, 1.62194, 1.52828, 1.4364, 1.35772, 1.33333, 1.28721, 1.21819, 1.15252, 1.093, 1.03659, 0.982183, 0.930058, 0.879596, 0.832126, 0.785733, 0.74137, 0.699198, 0.658424, 0.620716, 0.584388, 0.548354, 0.513243, 0.479595, 0.446, 0.41475, 0.385625, 0.3621875, 0.33875, 0.31625, 0.2975, 0.27875, 0.26, 0.2225, 0.20375, 0.1875, 0.125, 0.0]
